Version 1:

No repetition (selection sort):
input: 6066 5842 8770 8924 6811 6973 6807 9375 1916 9387 7051 8357 9512 6964 7096 8190 7596 9130 4828 501 7126 6075 4222 1632 1680 3927 1481 3387 9797 1676 1733 697 3791 4464 4566 7389 3457 5652 2656 978 9320 3586 8016 1208 2349 2774 820 9844 6337 2720 1702 8703 2675 9670 7428 556 5452 844 2175 6206 2555 9224 6051 9584 2623 9379 2524 1467 4614 2363 1764 3798 1007 4681 591 461 6899 5758 8406 2697 3793 5549 9444 1876 7736 6594 2182 2356 9353 993 3235 9820 4195 221 454 7922 6581 5232 4624 9283
speed: 1685474 cycles

With repetition (bubble sort):
input: 7719 1556 8504 6982 4442 431 5301 7162 2879 5646 2221 9172 3898 5483 8480 4009 9668 7347 848 7740 2216 9790 573 4091 1484 9819 5530 2308 1993 7713 2496 7200 8886 3152 4183 119 7528 2990 4183 2235 849 4302 3534 842 5449 3706 4304 310 5499 7696 9049 9765 810 807 573 3596 7597 7119 2926 7479 8711 2420 6396 8493 6539 345 2927 182 9556 8147 6732 6099 5639 1944 165 404 4640 256 7929 8542 7380 2861 4660 8924 3377 3244 5682 2229 8830 6767 8211 155 7713 6184 6522 5591 2702 8342 1103 7517
speed: 1463438 cycles

===========================

Version 2 (optimized xor instead of swap):

No repetition (selection sort):
input: 6066 5842 8770 8924 6811 6973 6807 9375 1916 9387 7051 8357 9512 6964 7096 8190 7596 9130 4828 501 7126 6075 4222 1632 1680 3927 1481 3387 9797 1676 1733 697 3791 4464 4566 7389 3457 5652 2656 978 9320 3586 8016 1208 2349 2774 820 9844 6337 2720 1702 8703 2675 9670 7428 556 5452 844 2175 6206 2555 9224 6051 9584 2623 9379 2524 1467 4614 2363 1764 3798 1007 4681 591 461 6899 5758 8406 2697 3793 5549 9444 1876 7736 6594 2182 2356 9353 993 3235 9820 4195 221 454 7922 6581 5232 4624 9283
speed: 1639576 cycles

With repetition (bubble sort):
input: 7719 1556 8504 6982 4442 431 5301 7162 2879 5646 2221 9172 3898 5483 8480 4009 9668 7347 848 7740 2216 9790 573 4091 1484 9819 5530 2308 1993 7713 2496 7200 8886 3152 4183 119 7528 2990 4183 2235 849 4302 3534 842 5449 3706 4304 310 5499 7696 9049 9765 810 807 573 3596 7597 7119 2926 7479 8711 2420 6396 8493 6539 345 2927 182 9556 8147 6732 6099 5639 1944 165 404 4640 256 7929 8542 7380 2861 4660 8924 3377 3244 5682 2229 8830 6767 8211 155 7713 6184 6522 5591 2702 8342 1103 7517
speed: 1697148 cycles

===========================
